0 0.64609375 0.36015625 0.1140625 0.0609375
0 0.76484375 0.3890625 0.1109375 0.08125
0 0.86484375 0.4515625 0.1046875 0.103125
0 0.86484375 0.54765625 0.0921875 0.1328125
0 0.81875 0.646875 0.15 0.159375
0 0.721875 0.7484375 0.1625 0.18125
0 0.4234375 0.8828125 0.203125 0.19375
0 0.290625 0.78515625 0.178125 0.1890625
0 0.18671875 0.675 0.1390625 0.153125
0 0.46328125 0.64453125 0.1578125 0.1359375
0 0.54296875 0.5953125 0.1328125 0.1375
0 0.6140625 0.53984375 0.140625 0.1328125
0 0.434375 0.39453125 0.103125 0.0953125
0 0.340625 0.3765625 0.115625 0.08125
0 0.23359375 0.4 0.1203125 0.075
0 0.2703125 0.4453125 0.134375 0.075
0 0.68671875 0.41796875 0.1265625 0.0859375
