0 0.49453125 0.5796875 0.3296875 0.303125
0 0.53515625 0.296875 0.2953125 0.2375
0 0.5171875 0.12109375 0.271875 0.2421875
0 0.28984375 0.1671875 0.2328125 0.225
0 0.1296875 0.6484375 0.253125 0.234375
0 0.56171875 0.85390625 0.1734375 0.2734375
0 0.87734375 0.67890625 0.1796875 0.2703125
0 0.84921875 0.88828125 0.1421875 0.2015625
0 0.271875 0.94609375 0.21875 0.1015625
0 0.9203125 0.20703125 0.159375 0.2890625
0 0.72734375 0.1796875 0.1890625 0.171875
0 0.68515625 0.74453125 0.1953125 0.1171875
